Positive/G0016093.JPG  2  985 1850 910 665 1485 65 1185 710
Positive/G0016094.JPG  3  1370 495 1510 1310 960 2745 1055 7 305 1110 565 320
Positive/G0016095.JPG  1  1285 1375 1405 1425
Positive/G0016096.JPG  2  1285 2045 1310 1280 0 2375 350 340
Positive/G0016097.JPG  2  1190 3120 1035 305 40 305 440 705
Positive/G0016099.JPG  2  40 35 985 640 40 2925 180 490
Positive/G0016101.JPG  1  85 2115 680 705
Positive/G0016111.JPG  1  4580 670 550 740
Positive/G0016112.JPG  3  4880 745 295 1020 4810 1795 310 360 4315 2235 585 280
Positive/G0016113.JPG  2  4840 1535 305 1095 4460 2290 640 745 
Positive/G0016114.JPG  2  1225 5 1970 820 4845 3085 200 340 
Positive/G0016115.JPG  1  1235 545 2170 1810 
Positive/G0016116.JPG  1  675 2115 2130 1300 
Positive/G0016117.JPG  1  2860 135 1795 1640 
Positive/G0016118.JPG  1  2755 2110 1940 1275 
Positive/G0016119.JPG  1  4760 165 405 1615 
Positive/G0016120.JPG  1  1210 35 2200 1565
Positive/G0016121.JPG  2  960 530 2145 1890 3980 1870 1140 1535
Positive/G0016122.JPG  4  810 1605 2190 1710 3730 2575 1205 840 4840 1775 305 910 2700 25 1380 460 
Positive/G0016123.JPG  2  2670 990 1480 995 900 2945 2055 485 
Positive/G0016124.JPG  1  2700 2205 1290 835
Positive/G0016144.JPG  3  830 110 1205 625 3635 620 1125 1090 610 1255 790 910 
Positive/G0016145.JPG  3  600 820 1260 800 3520 1480 1090 1165 240 2105 990 1165 
Positive/G0016146.JPG  4  450 1670 1360 930 3510 2420 1240 995 4240 685 290 680 650 3165 390 230 
Positive/G0016147.JPG  3  270 2905 1360 510 4630 970 530 845 4060 1535 560 285 
Positive/G0016148.JPG  2  4400 2540 730 650 4890 2255 225 255 
Positive/G0016159.JPG  1  5 25 1095 810
Positive/G0016160.JPG  1  445 410 1255 1360 
Positive/G0016161.JPG  1  300 605 1050 1555
Positive/G0016162.JPG  2  35 205 845 1055  250 1845 1140 1305
Positive/G0016163.JPG  3  870 365 1590 1420 250 1880 990 1055 2980 565 1600 1200 
Positive/G0016164.JPG  2  1075 1845 1130 1380 3230 2020 1500 1210 
Positive/G0016165.JPG  2  3080 2915 1570 505 695 2890 455 525 
Positive/G0016180.JPG  2  25 540 1155 1120 1610 15 1540 605 
Positive/G0016181.JPG  3  1635 260 1515 1280 20 80 730 955 50 1305 1085 1000 
Positive/G0016182.JPG  3  1640 1135 1335 1365 90 1150 345 385 145 2645 935 715 
Positive/G0016183.JPG  2  1795 1855 1305 1320 45 1570 495 605 
Positive/G0016184.JPG  2  1750 2630 1400 780 85 2265 655 595 
Positive/G0016185.JPG  2  50 1905 670 480 1320 3075 1140 345 
Positive/G0016186.JPG  2  70 1035 980 1270 920 2905 1225 500 
Positive/G0016187.JPG  3  460 915 1360 1230 25 50 615 705 800 2890 975 525 
Positive/G0016188.JPG  4  45 25 1035 840 390 975 395 695 1220 290 1510 1390 510 2275 1495 1150 
Positive/G0016189.JPG  3  895 80 1085 935 1895 455 1355 1305 375 1835 1450 1305
Positive/G0016190.JPG  4  230 1415 1625 1435 2260 670 1470 1320 1485 15 1125 755 3230 30 1020 550 
Positive/G0016191.JPG  4  420 1330 1510 1385 2275 65 1280 950 3795 295 1190 1180 2505 1240 1355 1275 
Positive/G0016192.JPG  4  2445 700 1255 1010 4085 1145 980 940 2595 1965 1420 1140 720 1935 1340 1250 
Positive/G0016193.JPG  4  2655 1055 1310 1030 4270 1535 885 960 2580 2330 1590 1010 815 2050 1320 1270 
Positive/G0016194.JPG  4  2880 1460 960 925 4185 1900 875 1075 780 2435 1180 975 2580 2810 1410 575 
Positive/G0016195.JPG  1  2890 2045 1200 965
Positive/G0016196.JPG  1  2750 2285 1240 1020
Positive/G0016197.JPG  1  3200 2720 840 575
Positive/G0016209.JPG  1  2595 70 930 500
Positive/G0016210.JPG  2  445 85 1555 720 2160 160 970 1270 
Positive/G0016211.JPG  2  365 830 1535 905 2035 925 1040 1490 
Positive/G0016212.JPG  2  455 1430 1495 995 2205 1405 980 1660 
Positive/G0016213.JPG  2  650 1855 1520 910 2240 2095 890 1285 
Positive/G0016214.JPG  2  640 2445 1595 950 2390 2795 865 620 
Positive/G0016215.JPG  1  1360 3270 305 135
Positive/G0016221.JPG  5  120 65 850 590 1120 275 570 1020 1855 40 825 645 2770 80 955 910 3775 85 720 435
Positive/G0016222.JPG  6  1965 445 1575 1460 1105 340 810 1025 125 180 880 1900 3660 775 970 610 3605 45 975 575 1930 30 1140 335
Positive/G0016223.JPG  5  1900 1955 1130 840 100 1050 1200 2285 1380 2655 600 750 2070 2875 2260 530 3110 1785 1735 925
Positive/G0016224.JPG  2  70 2945 570 445 1085 3155 290 260 
Positive/G0016237.JPG  1  3600 45 1510 420
Positive/G0016238.JPG  4  3345 220 1565 1025 3080 685 1080 395 3470 215 970 290 4450 605 435 530 
Positive/G0016239.JPG  5  2655 1045 1305 350 3255 385 895 410 4280 545 630 415 4035 975 635 490 3230 105 1805 1385
Positive/G0016240.JPG  7  3500 725 1580 1720 2750 1675 1305 445 3320 1165 910 340 3850 595 435 550 4400 1305 600 440 4120 1670 685 660 4650 440 450 805
Positive/G0016241.JPG  6  3100 1875 1295 390 3590 1235 960 400  4140 745 495 560 3750 1005 1400 1590 4425 1735 550 615 4650 1325 415 380
Positive/G0016242.JPG  7  2800 1575 1250 400 3370 920 805 390 4020 465 410 570 4385 1050 695 605  4020 1475 775 595  4775 605 355 590  3445 695 1635 1500 
Positive/G0016243.JPG  4  2800 630 1765 705 3640 15 1170 440 4195 410 885 1325 2940 400 2210 1255 
Positive/G0016244.JPG  2  2935 1150 2055 750 3965 295 1085 620 
Positive/G0016245.JPG  2  3245 1495 1770 500 4135 885 1035 370 
Positive/G0016246.JPG  3  370 965 535 715 190 20 810 750 20 175 1095 1595
Positive/G0016247.JPG  5  560 1005 1595 1750 1255 565 525 1220 1230 1805 995 910 790 1890 570 925 310 1325 660 440
Positive/G0016248.JPG  2  470 1985 380 1265 55 2405 390 735
Positive/G0016265.JPG  4  3580 1665 740 835 3145 2385 1085 420 3410 1725 1700 1660 4150 2860 180 495
Positive/G0016274.JPG  1  2935 50 1285 495
Positive/G0016275.JPG  1  2630 145 1920 1200
Positive/G0016276.JPG  1  2340 225 2560 2180
Positive/G0016277.JPG  1  1740 2375 2685 1020
Positive/G0016278.JPG  1  3170 2845 460 550
Positive/G0016279.JPG  1  3140 2885 230 495
Positive/G0016281.JPG  1  30 845 615 1035
Positive/G0017053.JPG  1  1245 230 1195 1155
Positive/G0017054.JPG  2  1915 410 855 1155 890 1190 1170 1135 
Positive/G0017055.JPG  2  1960 1195 910 1025 955 1975 1095 1020
Positive/G0017056.JPG  3  2035 2280 535 985 915 2895 970 485 2480 65 1980 810
Positive/G0017057.JPG  1  2580 910 1280 1615
Positive/G0017058.JPG  1  2145 2510 1225 900
Positive/G0017061.JPG  2  710 90 1385 1745 2190 65 1650 1020 
Positive/G0017062.JPG  2  1985 125 1715 1440 700 830 1280 1680
Positive/G0017063.JPG  6  1850 555 770 740 2550 1405 440 465 1375 1835 875 330 920 1585 1215 1270 1280 2295 715 555 1920 595 1325 1585
Positive/G0017064.JPG  2  2235 1515 835 1310 1080 2395 940 905 
Positive/G0017065.JPG  2  2215 2675 685 620 115 1325 415 480
Positive/G0017080.JPG  1  2345 100 1305 465
Positive/G0017081.JPG  2  2510 590 1310 985 3500 75 1245 580
Positive/G0017082.JPG  4  3920 1175 940 1140 4220 1625 505 420 2885 2075 905 935 3350 2295 375 370
Positive/G0017083.JPG  2  2550 2690 905 710 2760 2910 600 425
Positive/G0017084.JPG  1  4680 130 455 785
Positive/G0017085.JPG  2  1195 70 995 375 4590 1280 455 885 
Positive/G0017086.JPG  3  1060 355 1150 1140 4355 2260 735 815 4510 65 585 610
Positive/G0017087.JPG  6  830 1220 1400 1305 4460 620 660 1155 1620 1570 565 475 1100 1785 580 590 940 1290 500 440 4490 685 400 385
Positive/G0017088.JPG  4  1820 350 660 755 2380 25 975 570 880 2420 1295 880 4410 1865 745 1040 
Positive/G0017089.JPG  2  2460 775 930 965 1795 1320 660 1085 
Positive/G0017090.JPG  2  2550 1825 825 900 1860 2365 760 990 
Positive/G0017091.JPG  2  2280 2570 705 695 1630 2915 640 510 
Positive/G0017108.JPG  1  885 2920 635 485
Positive/G0017132.JPG  3  170 385 795 1020 330 690 395 560 1270 15 470 185 
Positive/G0017133.JPG  3  1135 135 1035 755 90 665 1025 1320 40 20 270 305 
Positive/G0017134.JPG  4  1325 655 865 970 2360 100 580 505 115 260 795 885 255 1460 910 1045 
Positive/G0017135.JPG  4  1390 1105 860 810 2105 35 1180 820 50 225 860 1190 145 1585 1105 1180 
Positive/G0017136.JPG  4  1410 1660 990 785 1960 105 1525 1210 105 1025 745 1100 365 2285 920 800 
Positive/G0017137.JPG  4  1945 375 1495 1330 1410 1930 990 925 280 2515 965 800 65 1325 770 940 
Positive/G0017138.JPG  3  2025 810 1480 1375 1500 2295 940 760 515 2820 850 575 
Positive/G0017139.JPG  2  2140 1695 1600 1175 1785 3180 850 250 
Positive/G0017140.JPG  1  2230 2825 1260 570
Positive/G0017143.JPG  1  4655 2550 505 755 
Positive/G0017150.JPG  1  4320 150 795 1195 
Positive/G0017151.JPG  1  4130 930 910 1275
Positive/G0017152.JPG  1  3780 2085 1040 920
Positive/G0017165.JPG  2  4070 590 1000 1480 285 1610 1395 1710 
Positive/G0017166.JPG  2  4175 1470 845 1645 570 2670 870 740 
Positive/G0017167.JPG  2  3555 205 1565 985 3850 2675 1045 720 
Positive/G0017168.JPG  3  3475 1475 1540 1200 3840 1570 660 400  3790 2170 745 460 
Positive/G0017169.JPG  3  3990 1980 1050 1230 4105 2090 475 375  4160 2640 660 515 
Positive/G0017170.JPG  3  4210 1755 870 1385 3965 2465 215 570  4465 1900 495 490 
Positive/G0017171.JPG  2  4330 1045 815 1815 4495 1545 405 465 
Positive/G0017172.JPG  2  4385 190 750 1940 4540 810 280 740 
Positive/G0017173.JPG  2  4170 135 980 1440 4390 375 380 575 
Positive/G0017181.JPG  1  75 80 1275 760
Positive/G0017182.JPG  1  140 215 1400 1010
Positive/G0017183.JPG  1  95 410 1320 795
Positive/G0017187.JPG  1  245 345 1605 910
Positive/G0017188.JPG  2  815 395 2110 1380 1200 675 810 640 
Positive/G0017189.JPG  2  575 2075 1975 1185 1090 2135 1210 970 
Positive/G0017190.JPG  2  630 175 1660 1700 890 605 1130 955 
Positive/G0017191.JPG  2  520 1220 1795 1845 730 1575 1320 1050 
Positive/G0017192.JPG  1  1015 1900 940 1435
Positive/G0017204.JPG  2  110 535 1800 2555 620 965 875 1340 
Positive/G0017205.JPG  3  3290 90 1745 1650 1430 30 1480 855  365 2465 1370 960 
Positive/G0017206.JPG  4  1130 755 1780 2050 3160 1100 1785 2060 3460 1485 940 1075 35 1025 735 1090 
Positive/G0017207.JPG  4  1020 2275 2080 1100 3420 2065 1685 1335 3745 2390 945 875 80 2595 410 650 
Positive/G0017217.JPG  3  310 45 1750 1000 2710 45 2355 1255 3770 315 1215 870 
Positive/G0017220.JPG  4  3055 1865 855 1530  2615 2840 615 550  590 2365 980 780  120 3000 1875 415 
Positive/G0017221.JPG  3  870 85 1680 1260  2855 2355 795 1045  870 3125 890 275 
Positive/G0017222.JPG  4  850 165 2125 2055 1545 575 1300 1565 3290 3220 490 190  1670 1135 640 750 
Positive/G0017223.JPG  2  1340 1420 1770 1975 1920 2105 1175 510
Positive/G0017231.JPG  3  45 75 2375 1460 1360 605 1065 205 240 445 895 640 
Positive/G0017232.JPG  2  190 840 2460 1820 2670 45 1755 780
Positive/G0017233.JPG  2  240 1665 2060 1550 2490 165 2075 1415
Positive/G0017234.JPG  3  2175 1395 1825 1450 4305 1655 785 1570 630 2745 990 585
Positive/G0017236.JPG  2  2375 2985 1605 420 4645 2515 435 835
Positive/G0017237.JPG  1  4655 2555 470 855
Positive/G0017250.JPG  2  170 110 2020 1085 3745 85 1385 1150
Positive/G0017251.JPG  2  545 335 1965 1525 3285 155 1865 1750
Positive/G0017252.JPG  4  690 1215 1990 1965 1710 2295 680 815  3260 1425 1805 1905 3710 2265 1090 975 
Positive/G0017253.JPG  3  850 2875 1350 525 2840 2505 1590 920 4800 1620 325 305 
Positive/G0017254.JPG  4  2860 3055 1370 375 1720 2865 550 530 4400 2340 740 270  4795 2130 355 195 
Positive/G0017255.JPG  1  4610 2920 520 220 
Positive/G0017270.JPG  1  2255 85 895 550
Positive/G0017271.JPG  2  2155 605 1375 1275 3165 65 920 620 
Positive/G0017272.JPG  2  2795 525 1055 1380 1950 1705 1120 1110 
Positive/G0017273.JPG  3  3330 1585 1035 1420 2560 2575 1055 840 240 740 1170 1235 
Positive/G0017274.JPG  1  3680 2500 910 905 
Positive/G0017275.JPG  2  890 2475 850 690 3550 2915 565 470
Positive/G0017292.JPG  1  1545 135 1505 845
Positive/G0017293.JPG  2  1315 580 2195 1535 3530 40 770 450
Positive/G0017294.JPG  2  2945 1540 1290 1235 2095 2675 1240 730
Positive/G0017295.JPG  1  2935 2985 890 305
Positive/G0027367.JPG  3  840 10 550 245 380 75 325 800 1140 290 240 200
Positive/G0027368.JPG  2  320 360 1050 1130 585 555 600 710
Positive/G0027369.JPG  2  300 955 950 970 550 1130 610 590
Positive/G0027370.JPG  1  420 1460 780 940